000000000
000000000
000000000
000000000
000000000
000000000
000000000
000000000
000000000
000000000
000000000
000000000
000000000
000000000
000000000
000000000
000000000
000000000
000000000
000000000
000000000
000000000
000000000
000000000
000000000
000000000
000000000
000000000
000000000
000000000
000000000
000000000
000000000
000000000
000000000
000000000
000000010
000000010
000000010
000000010
000000010
000000010
000000010
000000010
000000001
000001110
000001110
000001110
000001110
000001110
000001110
000001101
000001011
000000111
000110001
000110001
000110001
000110001
000110001
000110000
000101111
000101000
000011000
001111100
001111100
001111100
001111100
001111100
001111011
001110111
001100110
000111100
011000000
010111111
010111111
010111111
010111111
010111101
010110101
010011010
001010010
000000000
000000000
000000000
000000000
000000000
000000000
000000000
000000000
000000000
000000000
000000000
000000000
000000000
000000000
000000000
000000000
000000000
000000000
000000000
000000000
000000000
000000000
000000000
000000000
000000000
000000000
000000000
000000000
000000000
000000000
000000000
000000000
000000000
000000000
000000000
000000000
000000011
000000011
000000011
000000011
000000011
000000011
000000011
000000011
000000010
000010010
000010010
000010010
000010010
000010010
000010010
000010010
000001111
000001001
001000001
001000001
001000001
001000001
001000001
001000000
000111110
000110110
000100001
010100111
010100111
010100111
010100111
010100111
010100110
010100000
010001011
001010100
100001001
100001001
100001001
100001001
100001001
100000110
011111011
011010111
001110100
000000000
000000000
000000000
000000000
000000000
000000000
000000000
000000000
000000000
000000000
000000000
000000000
000000000
000000000
000000000
000000000
000000000
000000000
000000000
000000000
000000000
000000000
000000000
000000000
000000000
000000000
000000000
000000000
000000000
000000000
000000000
000000000
000000000
000000000
000000000
000000000
000000100
000000100
000000100
000000100
000000100
000000100
000000100
000000011
000000010
000010101
000010101
000010101
000010101
000010101
000010101
000010100
000010001
000001011
001001001
001001001
001001001
001001001
001001001
001001001
001000110
000111110
000100111
010111110
010111110
010111110
010111110
010111110
010111100
010110110
010011111
001100010
100110110
100110110
100110110
100110110
100110110
100110011
100100110
011111100
010001010
000000000
000000000
000000000
000000000
000000000
000000000
000000000
000000000
000000000
000000000
000000000
000000000
000000000
000000000
000000000
000000000
000000000
000000000
000000000
000000000
000000000
000000000
000000000
000000000
000000000
000000000
000000000
000000000
000000000
000000000
000000000
000000000
000000000
000000000
000000000
000000000
000000100
000000100
000000100
000000100
000000100
000000100
000000100
000000100
000000010
000010110
000010110
000010110
000010110
000010110
000010110
000010101
000010011
000001100
001001110
001001110
001001110
001001110
001001110
001001110
001001011
001000010
000101011
011001100
011001100
011001100
011001100
011001100
011001010
011000100
010101100
001101101
101010101
101010101
101010101
101010101
101010100
101010001
101000011
100010101
010011010
000000000
000000000
000000000
000000000
000000000
000000000
000000000
000000000
000000000
000000000
000000000
000000000
000000000
000000000
000000000
000000000
000000000
000000000
000000000
000000000
000000000
000000000
000000000
000000000
000000000
000000000
000000000
000000000
000000000
000000000
000000000
000000000
000000000
000000000
000000000
000000000
000000100
000000100
000000100
000000100
000000100
000000100
000000100
000000100
000000010
000010111
000010111
000010111
000010111
000010111
000010111
000010110
000010100
000001101
001010010
001010010
001010010
001010010
001010010
001010001
001001110
001000101
000101110
011010110
011010110
011010110
011010110
011010110
011010100
011001101
010110101
001110100
101101011
101101011
101101011
101101011
101101011
101100111
101011000
100101000
010100110
000000000
000000000
000000000
000000000
000000000
000000000
000000000
000000000
000000000
000000000
000000000
000000000
000000000
000000000
000000000
000000000
000000000
000000000
000000000
000000000
000000000
000000000
000000000
000000000
000000000
000000000
000000000
000000000
000000000
000000000
000000000
000000000
000000000
000000000
000000000
000000000
000000101
000000101
000000101
000000101
000000101
000000101
000000100
000000100
000000010
000011000
000011000
000011000
000011000
000011000
000011000
000010111
000010100
000001110
001010100
001010100
001010100
001010100
001010100
001010011
001010001
001001000
000110000
011011101
011011101
011011101
011011101
011011101
011011011
011010100
010111011
001111010
101111100
101111100
101111100
101111100
101111100
101111000
101101001
100110110
010110000
000000000
000000000
000000000
000000000
000000000
000000000
000000000
000000000
000000000
000000000
000000000
000000000
000000000
000000000
000000000
000000000
000000000
000000000
000000000
000000000
000000000
000000000
000000000
000000000
000000000
000000000
000000000
000000000
000000000
000000000
000000000
000000000
000000000
000000000
000000000
000000000
000000101
000000101
000000101
000000101
000000101
000000101
000000101
000000100
000000011
000011000
000011000
000011000
000011000
000011000
000011000
000010111
000010101
000001110
001010110
001010110
001010110
001010110
001010110
001010101
001010011
001001010
000110001
011100010
011100010
011100010
011100010
011100010
011100000
011011001
011000000
001111110
110001010
110001010
110001010
110001010
110001001
110000101
101110110
101000010
010110111
000000000
000000000
000000000
000000000
000000000
000000000
000000000
000000000
000000000
000000000
000000000
000000000
000000000
000000000
000000000
000000000
000000000
000000000
000000000
000000000
000000000
000000000
000000000
000000000
000000000
000000000
000000000
000000000
000000000
000000000
000000000
000000000
000000000
000000000
000000000
000000000
000000101
000000101
000000101
000000101
000000101
000000101
000000101
000000100
000000011
000011001
000011001
000011001
000011001
000011001
000011001
000011000
000010101
000001110
001010111
001010111
001010111
001010111
001010111
001010111
001010100
001001011
000110011
011100111
011100111
011100111
011100111
011100110
011100101
011011101
011000101
010000010
110010101
110010101
110010101
110010101
110010100
110010000
110000000
101001011
010111101
000000000
000000000
000000000
000000000
000000000
000000000
000000000
000000000
000000000
000000000
000000000
000000000
000000000
000000000
000000000
000000000
000000000
000000000
000000000
000000000
000000000
000000000
000000000
000000000
000000000
000000000
000000000
000000000
000000000
000000000
000000000
000000000
000000000
000000000
000000000
000000000
000000101
000000101
000000101
000000101
000000101
000000101
000000101
000000100
000000011
000011001
000011001
000011001
000011001
000011001
000011001
000011000
000010110
000001111
001011000
001011000
001011000
001011000
001011000
001011000
001010101
001001100
000110100
011101010
011101010
011101010
011101010
011101010
011101000
011100001
011001000
010000101
110011110
110011110
110011110
110011110
110011101
110011001
110001001
101010011
011000011
000000000
000000000
000000000
000000000
000000000
000000000
000000000
000000000
000000000
000000000
000000000
000000000
000000000
000000000
000000000
000000000
000000000
000000000
000000000
000000000
000000000
000000000
000000000
000000000
000000000
000000000
000000000
000000000
000000000
000000000
000000000
000000000
000000000
000000000
000000000
000000000
000000101
000000101
000000101
000000101
000000101
000000101
000000101
000000100
000000011
000011001
000011001
000011001
000011001
000011001
000011001
000011000
000010110
000001111
001011001
001011001
001011001
001011001
001011001
001011001
001010110
001001101
000110101
011101101
011101101
011101101
011101101
011101101
011101011
011100011
011001011
010000111
110100110
110100110
110100110
110100110
110100101
110100001
110010000
101011010
011000111
000000000
000000000
000000000
000000000
000000000
000000000
000000000
000000000
000000000
000000000
000000000
000000000
000000000
000000000
000000000
000000000
000000000
000000000
000000000
000000000
000000000
000000000
000000000
000000000
000000000
000000000
000000000
000000000
000000000
000000000
000000000
000000000
000000000
000000000
000000000
000000000
000000101
000000101
000000101
000000101
000000101
000000101
000000101
000000100
000000011
000011010
000011010
000011010
000011010
000011001
000011001
000011001
000010110
000001111
001011010
001011010
001011010
001011010
001011010
001011001
001010111
001001110
000110110
011101111
011101111
011101111
011101111
011101111
011101101
011100110
011001101
010001010
110101100
110101100
110101100
110101100
110101011
110100111
110010110
101011111
011001011
000000000
000000000
000000000
000000000
000000000
000000000
000000000
000000000
000000000
000000000
000000000
000000000
000000000
000000000
000000000
000000000
000000000
000000000
000000000
000000000
000000000
000000000
000000000
000000000
000000000
000000000
000000000
000000000
000000000
000000000
000000000
000000000
000000000
000000000
000000000
000000000
000000101
000000101
000000101
000000101
000000101
000000101
000000101
000000100
000000011
000011010
000011010
000011010
000011010
000011010
000011001
000011001
000010110
000001111
001011011
001011011
001011011
001011011
001011011
001011010
001010111
001001110
000110111
011110001
011110001
011110001
011110001
011110001
011101111
011101000
011001111
010001100
110110010
110110010
110110010
110110010
110110001
110101101
110011100
101100100
011001110
000000000
000000000
000000000
000000000
000000000
000000000
000000000
000000000
000000000
000000000
000000000
000000000
000000000
000000000
000000000
000000000
000000000
000000000
000000000
000000000
000000000
000000000
000000000
000000000
000000000
000000000
000000000
000000000
000000000
000000000
000000000
000000000
000000000
000000000
000000000
000000000
000000101
000000101
000000101
000000101
000000101
000000101
000000101
000000100
000000011
000011010
000011010
000011010
000011010
000011010
000011010
000011001
000010110
000010000
001011011
001011011
001011011
001011011
001011011
001011011
001011000
001001111
000110111
011110011
011110011
011110011
011110011
011110011
011110001
011101001
011010001
010001101
110110111
110110111
110110111
110110111
110110110
110110010
110100000
101101000
011010001
000000000
000000000
000000000
000000000
000000000
000000000
000000000
000000000
000000000
000000000
000000000
000000000
000000000
000000000
000000000
000000000
000000000
000000000
000000000
000000000
000000000
000000000
000000000
000000000
000000000
000000000
000000000
000000000
000000000
000000000
000000000
000000000
000000000
000000000
000000000
000000000
000000101
000000101
000000101
000000101
000000101
000000101
000000101
000000100
000000011
000011010
000011010
000011010
000011010
000011010
000011010
000011001
000010111
000010000
001011100
001011100
001011100
001011100
001011100
001011011
001011000
001010000
000111000
011110101
011110101
011110101
011110101
011110100
011110010
011101011
011010010
010001111
110111011
110111011
110111011
110111011
110111010
110110110
110100101
101101100
011010100
